gauge,num_period,mean,median,sd,cv
01097300,5,4.4,4,2.5099800796022267,0.5704500180914152
01101000,3,8.333333333333334,5,6.658328118479393,0.7989993742175272
01109070,21,11.619047619047619,12,7.579420759373308,0.6523271965034405
01110000,1,7,7,NA,NA
01174500,9,6.666666666666667,5,5.634713834792322,0.8452070752188483
01195100,7,9.571428571428571,6,10.674848052894287,1.1152826323919405
01310500,14,4.928571428571429,4,4.665161976152196,0.9465546038569672
01311500,317,2.7634069400630916,2,3.64277311274863,1.318218124133922
01378500,16,3.875,2,4.333974311568232,1.1184449836305115
01379530,290,2.386206896551724,2,1.884874072309443,0.7899038742337262
01382500,18,3.7222222222222223,3,2.21772420593607,0.5958065030873023
01388000,31,2.903225806451613,2,2.0551535013177227,0.7078862060094377
01395000,27,2.814814814814815,3,2.0007121239321273,0.7107793071864136
01398000,8,8.5,8,4.810702354423639,0.5659649828733693
01401650,35,5.428571428571429,4,4.216813086329772,0.7767813580081159
01403150,1,2,2,NA,NA
01403400,1,3,3,NA,NA
01403540,1,1,1,NA,NA
01405400,6,3.6666666666666665,4,1.96638416050035,0.5362865892273682
01407500,50,8.58,7.5,6.040982485304448,0.7040772127394461
01407705,2,1.5,1.5,0.7071067811865476,0.47140452079103173
01472620,17,5.294117647058823,4,3.4052295422326697,0.6432100246439487
01483200,4,10.25,10.5,7.455423082115014,0.7273583494746355
01585200,2,2.5,2.5,2.1213203435596424,0.8485281374238569
01594950,14,4,2.5,3.088439984597651,0.7721099961494128
01613050,15,9.8,10,6.836874808189568,0.6976402865499558
01643700,7,7.714285714285714,7,4.923220007078217,0.6381951861027318
01653600,65,6.292307692307692,6,3.471864938883158,0.5517633765951229
01654000,4,6.25,5.5,3.4034296427770228,0.5445487428443236
01656000,3,3.3333333333333335,2,3.2145502536643185,0.9643650760992954
01658500,19,8.31578947368421,8,5.944676718422097,0.7148661876583534
01660400,6,9.666666666666666,9.5,3.669695718539436,0.379623695021321
01660920,55,7.254545454545455,7,4.190899230909324,0.5776928764411348
01661050,38,5.394736842105263,5,3.4838583277445663,0.6457883729477732
01669000,2,19,19,11.313708498984761,0.5954583420518296
01669520,3,9,9,6,0.6666666666666666
01673550,2,9,9,0,0
01673800,1,27,27,NA,NA
01674000,2,5,5,1.4142135623730951,0.282842712474619
02031000,2,5.5,5.5,0.7071067811865476,0.128564869306645
02032250,1,17,17,NA,NA
02041000,3,9.333333333333334,9,2.516611478423583,0.26963694411681244
02047500,55,9.745454545454546,8,6.563699786108051,0.6735139705894455
02049500,5,6,5,5.5677643628300215,0.9279607271383369
02051000,2,8,8,5.656854249492381,0.7071067811865476
02053200,1,14,14,NA,NA
02077200,37,7.216216216216216,6,5.55845269804434,0.7702724712645714
02077670,25,5.28,3,11.973999610266683,2.267802956489902
02079640,16,6.5625,5.5,4.816205283553987,0.7338979479701313
0208111310,52,8.961538461538462,6,7.488452649040593,0.8356213256440147
02081500,4,4.75,3.5,3.774917217635375,0.7947194142390263
02084160,47,6.0638297872340425,5,5.019112407757185,0.8277132742617113
02084557,42,7.761904761904762,6,7.2104582710472265,0.9289547465766366
0208521324,6,10.166666666666666,10,7.756717518813397,0.7629558215226292
02085500,1,9,9,NA,NA
02087183,1,2,2,NA,NA
0208732885,3,2.3333333333333335,1,2.309401076758503,0.9897433186107869
02088000,1,8,8,NA,NA
02088500,4,8.25,8.5,6.13052471924984,0.743093905363617
02094500,1,15,15,NA,NA
02096846,49,7.673469387755102,6,7.113331835076891,0.9270033508477864
02097464,26,9.346153846153847,7.5,6.2028529416216704,0.6636797386097261
0210166029,7,5,5,2.160246899469287,0.4320493798938574
02102192,7,6,7,4.58257569495584,0.7637626158259733
02125000,57,5.701754385964913,5,4.479974937273253,0.7857186813063859
02128000,2,14.5,14.5,2.1213203435596424,0.1462979547282512
02133500,1,1,1,NA,NA
02134480,11,7.090909090909091,6,5.838742081211422,0.8234123447862263
02146470,22,3.6363636363636362,3,2.1054454238712608,0.5789974915645967
02146600,1,2,2,NA,NA
02146700,1,2,2,NA,NA
02147500,4,7.75,7.5,3.8622100754188224,0.4983496871508158
02176500,77,8.064935064935066,6,7.27891269775352,0.9025382894154927
02192500,3,5.333333333333333,4,4.163331998932265,0.7806247497997998
02193340,14,5.785714285714286,4.5,4.003432593097145,0.6919513123871609
02196000,1,4,4,NA,NA
02202600,2,2,2,1.4142135623730951,0.7071067811865476
02212600,14,6.785714285714286,3,7.0293732232744555,1.0359076329036039
02215100,2,5,5,1.4142135623730951,0.282842712474619
02216180,121,8.297520661157025,6,8.826706282733833,1.0637763547916272
02227500,4,5.5,5.5,2.0816659994661326,0.37848472717566045
02228500,37,12.324324324324325,8,13.772061199024265,1.117469877991004
02231342,77,10.922077922077921,7,10.31831054327851,0.9447204659125391
02231600,37,17.56756756756757,15,15.152081889482567,0.8625031229397768
02232000,10,4,3,3.711842908553348,0.927960727138337
02232200,55,9.290909090909091,6,9.16651055881767,0.9866107255087512
02236000,10,2.4,2,1.3498971154211057,0.5624571314254607
02236500,44,17.113636363636363,11.5,19.48310646771031,1.1384550924027272
02236900,29,72.93103448275862,14,195.38148235009427,2.678989592507203
02237293,53,11.358490566037736,5,17.136437045105698,1.5086896401837242
02238000,74,2.3513513513513513,2,2.40679649777676,1.0235801197441394
02243960,4,1.75,2,0.5,0.2857142857142857
02247510,1,13,13,NA,NA
02256500,40,16.5,10.5,14.207257083834087,0.8610458838687325
02262900,5,8.8,9,5.215361924162119,0.5926547641093316
02263800,10,9.4,7,7.0898989179442236,0.7542445657387472
02263869,47,53.08510638297872,11,117.98228123918219,2.222511911118863
02264000,46,24.195652173913043,13,37.97286725206559,1.5694087094294853
02264100,20,6,3,9.957805718974543,1.6596342864957572
02266200,59,13.23728813559322,5,14.221570531451993,1.0743568007114823
02266205,53,17.056603773584907,3,44.25164712029617,2.5943996652386025
02266300,4,6.75,4.5,5.560275772537426,0.8237445588944334
02266500,23,12.695652173913043,10,12.271307193496305,0.9665755666110104
02267000,1,2,2,NA,NA
02270500,4,3.75,4,1.2583057392117916,0.33554819712314443
02277600,2,3.5,3.5,0.7071067811865476,0.20203050891044216
02291580,114,9.885964912280702,3,20.852519964831917,2.109305480027363
02292900,253,2.9802371541501977,2,2.10715069952741,0.70704128246742
02294491,127,10.543307086614174,4,33.37325131392044,3.1653494524778907
02294650,6,4.666666666666667,4,2.3380903889000244,0.5010193690500052
02297155,34,11.147058823529411,7.5,10.090897046772213,0.9052519778106999
02297310,3,13.666666666666666,3,19.347695814575268,1.4156850596030683
02298202,28,5.25,4.5,4.282825304935119,0.8157762485590703
02298608,7,17.857142857142858,9,16.44616035663615,0.9209849799716243
02298760,46,8.521739130434783,6,8.331304100758997,0.977653032231923
02298830,10,26.9,24,22.11309315516237,0.822048072682616
02300100,23,6.608695652173913,6,5.638658209464558,0.8532180185374002
02300700,3,1.6666666666666667,2,0.5773502691896257,0.3464101615137754
02301300,3,23,19,15.394804318340652,0.669339318188724
02301750,43,6.790697674418604,4,6.1627071182614745,0.9075219386480939
02301900,10,7.5,7,5.060742150229659,0.6747656200306212
02302500,20,9.5,7,7.937253933193772,0.8355004140203971
